text,x0,x1,top,doctop,bottom,upright,height,width,direction,fontname,size
‐,275.82,279.492,797.9397,9217.9397,809.9397,True,12.0,3.6720000000000255,ltr,NOADBG+Calibri,12.0
5,289.32,295.404,797.9397,9217.9397,809.9397,True,12.0,6.084000000000003,ltr,NOADBH+Calibri,12.0
‐,303.42,307.09200000000004,797.9397,9217.9397,809.9397,True,12.0,3.6720000000000255,ltr,NOADBG+Calibri,12.0
30年産米の「契約比率」及び「販売比率」（集荷数量に対する進,58.02,289.9116179999999,64.89689999999996,8484.8969,72.87689999999998,True,7.980000000000018,231.8916179999999,ltr,NNPEBL+MS-Gothic,7.980000000000018
捗,289.980246,297.96024600000004,64.89689999999996,8484.8969,72.87689999999998,True,7.980000000000018,7.980000000000018,ltr,NNPEBK+MS-Gothic,7.980000000000018
状況）については、集荷が,297.96024600000004,386.89300000000003,64.89689999999996,8484.8969,72.87689999999998,True,7.980000000000018,88.93275399999999,ltr,NNPEBL+MS-Gothic,7.980000000000018
（２）平成３０年産米の産地別契約・販売状況（累計、うるち,52.62,386.89300000000003,40.91969999999992,8460.9197,52.91969999999992,True,12.0,334.273,ltr,NNOPIB+HGMaruGothicMPRO,12.0
資料：,36.9,56.853192,670.8368,9090.836800000001,678.8168000000001,True,7.980000000000018,19.953192,ltr,NNPDIL+MS-PGothic,7.97999999999999
農林水産省「米穀の取引に関する報告」,62.283581999999996,196.09541399999998,670.8368,9090.836800000001,678.8168000000001,True,7.980000000000018,133.81183199999998,ltr,NNPDIL+MS-PGothic,7.97999999999999
注：１,36.9,54.341088,679.657094,9099.657094,687.6370939999999,True,7.9799999999999045,17.441088,ltr,NNPDIL+MS-PGothic,7.97999999999999
"報告対象業者は、全農、道県経済連、県単一農協、道県出荷団体（年間の玄米仕入数量が5,000ト",59.745942,386.89300000000003,679.657094,9099.657094,687.6370939999999,True,7.9799999999999045,327.147058,ltr,NNPDIL+MS-PGothic,7.97999999999999
"5,000トン以上）である。",53.04034800000005,129.66031800000005,689.676782,9109.676782,697.656782,True,7.980000000000018,76.61997,ltr,NNPDIL+MS-PGothic,7.97999999999999
２,47.64028200000005,53.09860200000005,699.63662,9119.63662,707.61662,True,7.980000000000018,5.4583200000000005,ltr,NNPDIL+MS-PGothic,7.97999999999999
報告対象米穀は、水稲うるちもみ及び水稲うるち玄米（醸造用玄米を含む。）である。,58.50345600000005,339.7114740000002,699.63662,9119.63662,707.61662,True,7.980000000000018,281.20801800000015,ltr,NNPDIL+MS-PGothic,7.97999999999999
３,47.64028200000005,53.09860200000005,709.656308,9129.656308,717.636308,True,7.980000000000018,5.4583200000000005,ltr,NNPDIL+MS-PGothic,7.97999999999999
集荷数量は、報告対象業者が自ら販売するために集荷した数量である。,58.50345600000005,299.9399520000001,709.656308,9129.656308,717.636308,True,7.980000000000018,241.43649600000006,ltr,NNPDIL+MS-PGothic,7.97999999999999
４,47.64028200000005,53.09860200000005,719.6759959999999,9139.675996,727.655996,True,7.980000000000018,5.4583200000000005,ltr,NNPDIL+MS-PGothic,7.97999999999999
契約数量は、報告対象業者が自ら販売するために契約を締結（確認書等により数量のみが決定した,58.50345600000005,386.89300000000003,719.6759959999999,9139.675996,727.655996,True,7.980000000000018,328.389544,ltr,NNPDIL+MS-PGothic,7.97999999999999
５,47.64028200000005,53.09860200000005,729.6358339999999,9149.635834,737.615834,True,7.980000000000018,5.4583200000000005,ltr,NNPDIL+MS-PGothic,7.980000000000004
販売数量は、集荷数量のうち契約のあと実際に卸売業者等に引き取られた数量である。,58.50345600000005,352.32226799999995,729.6358339999999,9149.635834,737.615834,True,7.980000000000018,293.8188119999999,ltr,NNPDIL+MS-PGothic,7.980000000000004
６,47.64028200000005,53.09860200000005,739.655522,9159.655522000001,747.635522,True,7.980000000000018,5.4583200000000005,ltr,NNPDIL+MS-PGothic,7.980000000000004
銘柄ごとの集荷数量、契約数量、販売数量は、当該産地の内数として掲載している。,58.50345600000005,340.3418940000001,739.655522,9159.655522000001,747.635522,True,7.980000000000018,281.83843800000005,ltr,NNPDIL+MS-PGothic,7.980000000000004
７,47.64028200000005,53.09860200000005,749.67521,9169.67521,757.65521,True,7.980000000000018,5.4583200000000005,ltr,NNPDIL+MS-PGothic,7.980000000000004
全国欄には産地の特定が出来ない未検査米等を含んでいるため、産地の合計と一致しない。,58.50345600000005,370.079364,749.67521,9169.67521,757.65521,True,7.980000000000018,311.57590799999997,ltr,NNPDIL+MS-PGothic,7.980000000000004
８,47.64028200000005,53.09860200000005,759.635048,9179.635048,767.615048,True,7.980000000000018,5.4583200000000005,ltr,NNPDIL+MS-PGothic,7.97999999999999
「−」は、集荷数量、契約数量、販売数量に該当がないものである。,58.50345600000005,282.2530800000001,759.635048,9179.635048,767.615048,True,7.980000000000018,223.74962400000007,ltr,NNPDIL+MS-PGothic,7.97999999999999
９,47.64028200000005,53.09860200000005,770.49503,9190.49503,778.4750300000001,True,7.980000000000018,5.4583200000000005,ltr,NNPDIL+MS-PGothic,7.97999999999999
「参考：前年同月比」で、30年産又は29年産の同時期に数量がなかった場合は、「…」としている。,59.76349800000005,381.48039000000006,770.49503,9190.49503,778.4750300000001,True,7.980000000000018,321.71689200000003,ltr,NNPDIL+MS-PGothic,7.97999999999999
集荷・契約・販売数量（北海道から千葉まで）,53.22,223.63175712000003,88.64653199999998,8508.646532,97.61533199999997,True,8.968799999999987,170.41175712000003,ltr,NNPDIL+MS-PGothic,8.968799999999987
(千玄米ﾄﾝ),165.6,196.20386672,137.7434800000001,8557.743480000001,144.3204800000001,True,6.576999999999998,30.603866720000013,ltr,NNPDIL+MS-PGothic,6.576999999999998
(千玄米ﾄﾝ),235.44814141,266.05200813,137.7434800000001,8557.743480000001,144.3204800000001,True,6.576999999999998,30.603866719999985,ltr,NNPDIL+MS-PGothic,6.576999999999998
(千玄米ﾄﾝ),305.29628282,335.90014954,137.7434800000001,8557.743480000001,144.3204800000001,True,6.576999999999998,30.603866719999985,ltr,NNPDIL+MS-PGothic,6.576999999999998
北海道,53.22,76.95515148,147.875092,8567.875092,155.64789200000007,True,7.772800000000075,23.73515148,ltr,NNPDIL+MS-PGothic,7.772800000000075
242.8,171.66,192.65445590000002,147.26653199999998,8567.266532,156.23533199999997,True,8.968799999999987,20.99445590000002,ltr,NNPDIL+MS-PGothic,8.968799999999987
209.2,241.49970422,262.49416012,147.26653199999998,8567.266532,156.23533199999997,True,8.968799999999987,20.99445589999999,ltr,NNPDIL+MS-PGothic,8.968799999999987
51.5,316.19970014,332.33386434,147.26653199999998,8567.266532,156.23533199999997,True,8.968799999999987,16.134164199999987,ltr,NNPDIL+MS-PGothic,8.968799999999987
ななつぼし,65.4,101.20169130000002,158.615092,8578.615092,166.38789200000008,True,7.772800000000075,35.801691300000016,ltr,NNPDIL+MS-PGothic,7.772800000000075
111.5,171.66,192.65445590000002,158.006532,8578.006532,166.97533199999998,True,8.968799999999987,20.99445590000002,ltr,NNPDIL+MS-PGothic,8.968799999999987
107.4,241.49970422,262.49416012,158.006532,8578.006532,166.97533199999998,True,8.968799999999987,20.99445589999999,ltr,NNPDIL+MS-PGothic,8.968799999999987
23.9,316.19970014,332.33386434,158.006532,8578.006532,166.97533199999998,True,8.968799999999987,16.134164199999987,ltr,NNPDIL+MS-PGothic,8.968799999999987
ゆめぴりか,65.4,101.18826912,169.41509199999996,8589.415092,177.18789200000003,True,7.772800000000075,35.788269119999995,ltr,NNPDIL+MS-PGothic,7.772800000000075
59.6,176.52,192.65416420000003,168.80653199999995,8588.806532,177.77533199999993,True,8.968799999999987,16.134164200000015,ltr,NNPDIL+MS-PGothic,8.968799999999987
49.3,246.35970422000003,262.49386841999996,168.80653199999995,8588.806532,177.77533199999993,True,8.968799999999987,16.13416419999993,ltr,NNPDIL+MS-PGothic,8.968799999999987
8.1,321.05878912000003,332.33266162,168.80653199999995,8588.806532,177.77533199999993,True,8.968799999999987,11.273872499999982,ltr,NNPDIL+MS-PGothic,8.968799999999987
きらら３９７,65.4,100.57242792000001,180.15509199999997,8600.155092,187.92789200000004,True,7.772800000000075,35.172427920000004,ltr,NNPDIL+MS-PGothic,7.772800000000075
29.6,176.52,192.65416420000003,179.54653199999996,8599.546532,188.51533199999994,True,8.968799999999987,16.134164200000015,ltr,NNPDIL+MS-PGothic,8.968799999999987
19.7,246.35970422000003,262.49386841999996,179.54653199999996,8599.546532,188.51533199999994,True,8.968799999999987,16.13416419999993,ltr,NNPDIL+MS-PGothic,8.968799999999987
2.1,321.05878912000003,332.33266162,179.54653199999996,8599.546532,188.51533199999994,True,8.968799999999987,11.273872499999982,ltr,NNPDIL+MS-PGothic,8.968799999999987
青,53.22,61.1154,190.89509199999998,8610.895092,198.66789200000005,True,7.772800000000075,7.895400000000002,ltr,NNPDIL+MS-PGothic,7.772800000000075
森,66.59954484,74.49494483999999,190.89509199999998,8610.895092,198.66789200000005,True,7.772800000000075,7.895399999999995,ltr,NNPDIL+MS-PGothic,7.772800000000075
91.6,176.52,192.65416420000003,190.28653199999997,8610.286532,199.25533199999995,True,8.968799999999987,16.134164200000015,ltr,NNPDIL+MS-PGothic,8.968799999999987
70.7,246.35970422000003,262.49386841999996,190.28653199999997,8610.286532,199.25533199999995,True,8.968799999999987,16.13416419999993,ltr,NNPDIL+MS-PGothic,8.968799999999987
12.5,316.19940844,332.33357264,190.28653199999997,8610.286532,199.25533199999995,True,8.968799999999987,16.134164199999987,ltr,NNPDIL+MS-PGothic,8.968799999999987
まっしぐら,65.4,97.26030762,201.69509199999993,8621.695092,209.467892,True,7.772800000000075,31.86030762,ltr,NNPDIL+MS-PGothic,7.772800000000075
59.5,176.52,192.65416420000003,201.08653200000003,8621.086532,210.05533200000002,True,8.968799999999987,16.134164200000015,ltr,NNPDIL+MS-PGothic,8.968799999999987
40.3,246.35970422000003,262.49386841999996,201.08653200000003,8621.086532,210.05533200000002,True,8.968799999999987,16.13416419999993,ltr,NNPDIL+MS-PGothic,8.968799999999987
5.8,321.05878912000003,332.33266162,201.08653200000003,8621.086532,210.05533200000002,True,8.968799999999987,11.273872499999982,ltr,NNPDIL+MS-PGothic,8.968799999999987
つがるロマン,65.4,108.02489598,212.43509199999994,8632.435092,220.20789200000002,True,7.772800000000075,42.62489597999999,ltr,NNPDIL+MS-PGothic,7.772800000000075
24.5,176.52,192.65416420000003,211.82653200000004,8631.826532,220.79533200000003,True,8.968799999999987,16.134164200000015,ltr,NNPDIL+MS-PGothic,8.968799999999987
21.4,246.35970422000003,262.49386841999996,211.82653200000004,8631.826532,220.79533200000003,True,8.968799999999987,16.13416419999993,ltr,NNPDIL+MS-PGothic,8.968799999999987
3.4,321.05878912000003,332.33266162,211.82653200000004,8631.826532,220.79533200000003,True,8.968799999999987,11.273872499999982,ltr,NNPDIL+MS-PGothic,8.968799999999987
岩,53.22,61.1154,223.235092,8643.235092,231.00789200000008,True,7.772800000000075,7.895400000000002,ltr,NNPDIL+MS-PGothic,7.772800000000075
手,66.59954484,74.49494483999999,223.235092,8643.235092,231.00789200000008,True,7.772800000000075,7.895399999999995,ltr,NNPDIL+MS-PGothic,7.772800000000075
112.6,171.66,192.65445590000002,222.626532,8642.626532,231.59533199999998,True,8.968799999999987,20.99445590000002,ltr,NNPDIL+MS-PGothic,8.968799999999987
97.7,246.35999592000002,262.49416012,222.626532,8642.626532,231.59533199999998,True,8.968799999999987,16.134164199999987,ltr,NNPDIL+MS-PGothic,8.968799999999987
10.4,316.19970014,332.33386434,222.626532,8642.626532,231.59533199999998,True,8.968799999999987,16.134164199999987,ltr,NNPDIL+MS-PGothic,8.968799999999987
ひとめぼれ,65.4,101.85543042,233.97509200000002,8653.975092,241.7478920000001,True,7.772800000000075,36.45543042,ltr,NNPDIL+MS-PGothic,7.772800000000075
86.7,176.52,192.65416420000003,233.366532,8653.366532,242.335332,True,8.968799999999987,16.134164200000015,ltr,NNPDIL+MS-PGothic,8.968799999999987
72.1,246.35970422000003,262.49386841999996,233.366532,8653.366532,242.335332,True,8.968799999999987,16.13416419999993,ltr,NNPDIL+MS-PGothic,8.968799999999987
7.7,321.05878912000003,332.33266162,233.366532,8653.366532,242.335332,True,8.968799999999987,11.273872499999982,ltr,NNPDIL+MS-PGothic,8.968799999999987
あきたこまち,65.4,106.83742782,244.71509200000003,8664.715092,252.4878920000001,True,7.772800000000075,41.437427819999996,ltr,NNPDIL+MS-PGothic,7.772800000000075
12.1,176.52,192.65416420000003,244.10653200000002,8664.106532,253.075332,True,8.968799999999987,16.134164200000015,ltr,NNPDIL+MS-PGothic,8.968799999999987
12.7,246.35970422000003,262.49386841999996,244.10653200000002,8664.106532,253.075332,True,8.968799999999987,16.13416419999993,ltr,NNPDIL+MS-PGothic,8.968799999999987
0.5,321.05878912000003,332.33266162,244.10653200000002,8664.106532,253.075332,True,8.968799999999987,11.273872499999982,ltr,NNPDIL+MS-PGothic,8.968799999999987
いわてっこ,65.4,100.24950606000002,255.51509199999998,8675.515092,263.28789200000006,True,7.772800000000075,34.84950606000001,ltr,NNPDIL+MS-PGothic,7.772800000000075
2.5,181.38,192.6538725,254.90653199999997,8674.906532,263.87533199999996,True,8.968799999999987,11.27387250000001,ltr,NNPDIL+MS-PGothic,8.968799999999987
2.5,251.2187932,262.4926657,254.90653199999997,8674.906532,263.87533199999996,True,8.968799999999987,11.273872499999982,ltr,NNPDIL+MS-PGothic,8.968799999999987
0.3,321.0575864,332.3314589,254.90653199999997,8674.906532,263.87533199999996,True,8.968799999999987,11.273872499999982,ltr,NNPDIL+MS-PGothic,8.968799999999987
宮,53.22,61.1154,266.255092,8686.255092,274.02789200000007,True,7.772800000000075,7.895400000000002,ltr,NNPDIL+MS-PGothic,7.772800000000075
城,66.59954484,74.49494483999999,266.255092,8686.255092,274.02789200000007,True,7.772800000000075,7.895399999999995,ltr,NNPDIL+MS-PGothic,7.772800000000075
116.6,171.66,192.65445590000002,265.646532,8685.646532,274.61533199999997,True,8.968799999999987,20.99445590000002,ltr,NNPDIL+MS-PGothic,8.968799999999987
129.7,241.49970422,262.49416012,265.646532,8685.646532,274.61533199999997,True,8.968799999999987,20.99445589999999,ltr,NNPDIL+MS-PGothic,8.968799999999987
19.6,316.19970014,332.33386434,265.646532,8685.646532,274.61533199999997,True,8.968799999999987,16.134164199999987,ltr,NNPDIL+MS-PGothic,8.968799999999987
ひとめぼれ,65.4,101.85543042,276.995092,8696.995092,284.7678920000001,True,7.772800000000075,36.45543042,ltr,NNPDIL+MS-PGothic,7.772800000000075
91.8,176.52,192.65416420000003,276.44653200000005,8696.446532,285.41533200000003,True,8.968799999999987,16.134164200000015,ltr,NNPDIL+MS-PGothic,8.968799999999987
109.4,241.49941252000002,262.49386841999996,276.44653200000005,8696.446532,285.41533200000003,True,8.968799999999987,20.994455899999934,ltr,NNPDIL+MS-PGothic,8.968799999999987
14.5,316.19940844,332.33357264,276.44653200000005,8696.446532,285.41533200000003,True,8.968799999999987,16.134164199999987,ltr,NNPDIL+MS-PGothic,8.968799999999987
つや姫,65.4,88.4743065,287.79509199999995,8707.795092,295.56789200000003,True,7.772800000000075,23.07430649999999,ltr,NNPDIL+MS-PGothic,7.772800000000075
10.0,176.52,192.65416420000003,287.18653200000006,8707.186532,296.15533200000004,True,8.968799999999987,16.134164200000015,ltr,NNPDIL+MS-PGothic,8.968799999999987
8.6,251.21908490000004,262.49295739999997,287.18653200000006,8707.186532,296.15533200000004,True,8.968799999999987,11.273872499999925,ltr,NNPDIL+MS-PGothic,8.968799999999987
1.8,321.05787810000004,332.3317506,287.18653200000006,8707.186532,296.15533200000004,True,8.968799999999987,11.273872499999982,ltr,NNPDIL+MS-PGothic,8.968799999999987
ササニシキ,65.4,102.74287338,298.53509199999996,8718.535092,306.30789200000004,True,7.772800000000075,37.34287338,ltr,NNPDIL+MS-PGothic,7.772800000000075
5.8,181.38,192.6538725,297.926432,8717.926432,306.89523199999996,True,8.968799999999987,11.27387250000001,ltr,NNPDIL+MS-PGothic,8.968799999999987
6.3,251.2187932,262.4926657,297.926432,8717.926432,306.89523199999996,True,8.968799999999987,11.273872499999982,ltr,NNPDIL+MS-PGothic,8.968799999999987
1.2,321.0575864,332.3314589,297.926432,8717.926432,306.89523199999996,True,8.968799999999987,11.273872499999982,ltr,NNPDIL+MS-PGothic,8.968799999999987
秋,53.22,61.1154,309.3350919999999,8729.335092,317.107892,True,7.772800000000075,7.895400000000002,ltr,NNPDIL+MS-PGothic,7.772800000000075
田,66.59954484,74.49494483999999,309.3350919999999,8729.335092,317.107892,True,7.772800000000075,7.895399999999995,ltr,NNPDIL+MS-PGothic,7.772800000000075
205.3,171.66,192.65445590000002,308.726532,8728.726532,317.695332,True,8.968799999999987,20.99445590000002,ltr,NNPDIL+MS-PGothic,8.968799999999987
196.4,241.49970422,262.49416012,308.726532,8728.726532,317.695332,True,8.968799999999987,20.99445589999999,ltr,NNPDIL+MS-PGothic,8.968799999999987
33.5,316.19970014,332.33386434,308.726532,8728.726532,317.695332,True,8.968799999999987,16.134164199999987,ltr,NNPDIL+MS-PGothic,8.968799999999987
あきたこまち,65.4,106.83742782,320.07499199999995,8740.074992,327.847792,True,7.772800000000075,41.437427819999996,ltr,NNPDIL+MS-PGothic,7.772800000000075
173.6,171.66,192.65445590000002,319.46653200000003,8739.466532,328.435332,True,8.968799999999987,20.99445590000002,ltr,NNPDIL+MS-PGothic,8.968799999999987
167.0,241.49970422,262.49416012,319.46653200000003,8739.466532,328.435332,True,8.968799999999987,20.99445589999999,ltr,NNPDIL+MS-PGothic,8.968799999999987
30.0,316.19970014,332.33386434,319.46653200000003,8739.466532,328.435332,True,8.968799999999987,16.134164199999987,ltr,NNPDIL+MS-PGothic,8.968799999999987
めんこいな,65.4,100.41767808,330.815092,8750.815092,338.587892,True,7.772800000000018,35.017678079999996,ltr,NNPDIL+MS-PGothic,7.772800000000018
13.3,176.52,192.65416420000003,330.206532,8750.206532,339.17533199999997,True,8.968799999999987,16.134164200000015,ltr,NNPDIL+MS-PGothic,8.968799999999987
8.5,251.21908490000004,262.49295739999997,330.206532,8750.206532,339.17533199999997,True,8.968799999999987,11.273872499999925,ltr,NNPDIL+MS-PGothic,8.968799999999987
0.8,321.05787810000004,332.3317506,330.206532,8750.206532,339.17533199999997,True,8.968799999999987,11.273872499999982,ltr,NNPDIL+MS-PGothic,8.968799999999987
ひとめぼれ,65.4,101.85543042,341.61509199999995,8761.615092,349.38789199999997,True,7.772800000000018,36.45543042,ltr,NNPDIL+MS-PGothic,7.772800000000018
6.4,181.38,192.6538725,341.006532,8761.006532,349.975332,True,8.968799999999987,11.27387250000001,ltr,NNPDIL+MS-PGothic,8.968799999999987
15.5,246.35941252,262.49357671999996,341.006532,8761.006532,349.975332,True,8.968799999999987,16.134164199999958,ltr,NNPDIL+MS-PGothic,8.968799999999987
1.2,321.05849742,332.33236991999996,341.006532,8761.006532,349.975332,True,8.968799999999987,11.273872499999982,ltr,NNPDIL+MS-PGothic,8.968799999999987
山,53.22,61.1154,352.35509199999996,8772.355092,360.127892,True,7.772800000000018,7.895400000000002,ltr,NNPDIL+MS-PGothic,7.772800000000018
形,66.59954484,74.49494483999999,352.35509199999996,8772.355092,360.127892,True,7.772800000000018,7.895399999999995,ltr,NNPDIL+MS-PGothic,7.772800000000018
130.4,171.66,192.65445590000002,351.746532,8771.746532,360.715332,True,8.968799999999987,20.99445590000002,ltr,NNPDIL+MS-PGothic,8.968799999999987
108.6,241.49970422,262.49416012,351.746532,8771.746532,360.715332,True,8.968799999999987,20.99445589999999,ltr,NNPDIL+MS-PGothic,8.968799999999987
22.6,316.19970014,332.33386434,351.746532,8771.746532,360.715332,True,8.968799999999987,16.134164199999987,ltr,NNPDIL+MS-PGothic,8.968799999999987
はえぬき,65.4,95.16092076,363.09509199999997,8783.095092,370.867892,True,7.772800000000018,29.76092075999999,ltr,NNPDIL+MS-PGothic,7.772800000000018
71.3,176.52,192.65416420000003,362.546532,8782.546532,371.515332,True,8.968799999999987,16.134164200000015,ltr,NNPDIL+MS-PGothic,8.968799999999987
58.5,246.35970422000003,262.49386841999996,362.546532,8782.546532,371.515332,True,8.968799999999987,16.13416419999993,ltr,NNPDIL+MS-PGothic,8.968799999999987
8.0,321.05878912000003,332.33266162,362.546532,8782.546532,371.515332,True,8.968799999999987,11.273872499999982,ltr,NNPDIL+MS-PGothic,8.968799999999987
つや姫,65.4,88.4743065,373.895092,8793.895092,381.667892,True,7.772800000000018,23.07430649999999,ltr,NNPDIL+MS-PGothic,7.772800000000018
27.3,176.52,192.65416420000003,373.286532,8793.286532,382.255332,True,8.968799999999987,16.134164200000015,ltr,NNPDIL+MS-PGothic,8.968799999999987
24.9,246.35970422000003,262.49386841999996,373.286532,8793.286532,382.255332,True,8.968799999999987,16.13416419999993,ltr,NNPDIL+MS-PGothic,8.968799999999987
7.2,321.05878912000003,332.33266162,373.286532,8793.286532,382.255332,True,8.968799999999987,11.273872499999982,ltr,NNPDIL+MS-PGothic,8.968799999999987
ひとめぼれ,65.4,101.85543042,384.635092,8804.635092,392.407892,True,7.772800000000018,36.45543042,ltr,NNPDIL+MS-PGothic,7.772800000000018
11.7,176.52,192.65416420000003,384.02653200000003,8804.026532,392.995332,True,8.968799999999987,16.134164200000015,ltr,NNPDIL+MS-PGothic,8.968799999999987
9.7,251.21908490000004,262.49295739999997,384.02653200000003,8804.026532,392.995332,True,8.968799999999987,11.273872499999925,ltr,NNPDIL+MS-PGothic,8.968799999999987
2.8,321.05787810000004,332.3317506,384.02653200000003,8804.026532,392.995332,True,8.968799999999987,11.273872499999982,ltr,NNPDIL+MS-PGothic,8.968799999999987
福,53.22,61.1154,395.435092,8815.435092,403.207892,True,7.772800000000018,7.895400000000002,ltr,NNPDIL+MS-PGothic,7.772800000000018
島,66.59954484,74.49494483999999,395.435092,8815.435092,403.207892,True,7.772800000000018,7.895399999999995,ltr,NNPDIL+MS-PGothic,7.772800000000018
125.1,171.66,192.65445590000002,394.826532,8814.826532,403.795332,True,8.968799999999987,20.99445590000002,ltr,NNPDIL+MS-PGothic,8.968799999999987
62.7,246.35999592000002,262.49416012,394.826532,8814.826532,403.795332,True,8.968799999999987,16.134164199999987,ltr,NNPDIL+MS-PGothic,8.968799999999987
9.5,321.05908082,332.33295332,394.826532,8814.826532,403.795332,True,8.968799999999987,11.273872499999982,ltr,NNPDIL+MS-PGothic,8.968799999999987
コシヒカリ中通り,65.4,118.62762864,406.17509199999995,8826.175092,413.94789199999997,True,7.772800000000018,53.22762863999999,ltr,NNPDIL+MS-PGothic,7.772800000000018
41.9,176.52,192.65416420000003,405.566532,8825.566532,414.535332,True,8.968799999999987,16.134164200000015,ltr,NNPDIL+MS-PGothic,8.968799999999987
8.7,251.21908490000004,262.49295739999997,405.566532,8825.566532,414.535332,True,8.968799999999987,11.273872499999925,ltr,NNPDIL+MS-PGothic,8.968799999999987
2.4,321.05787810000004,332.3317506,405.566532,8825.566532,414.535332,True,8.968799999999987,11.273872499999982,ltr,NNPDIL+MS-PGothic,8.968799999999987
コシヒカリ会津,65.4,112.77318954,416.91509199999996,8836.915092,424.687892,True,7.772800000000018,47.37318954,ltr,NNPDIL+MS-PGothic,7.772800000000018
28.0,176.52,192.65416420000003,416.306532,8836.306532,425.275332,True,8.968799999999987,16.134164200000015,ltr,NNPDIL+MS-PGothic,8.968799999999987
30.3,246.35970422000003,262.49386841999996,416.306532,8836.306532,425.275332,True,8.968799999999987,16.13416419999993,ltr,NNPDIL+MS-PGothic,8.968799999999987
2.3,321.05878912000003,332.33266162,416.306532,8836.306532,425.275332,True,8.968799999999987,11.273872499999982,ltr,NNPDIL+MS-PGothic,8.968799999999987
コシヒカリ浜通り,65.4,118.62762864,427.71509199999997,8847.715092,435.487892,True,7.772800000000018,53.22762863999999,ltr,NNPDIL+MS-PGothic,7.772800000000018
4.6,181.38,192.6538725,427.106532,8847.106532,436.075332,True,8.968799999999987,11.27387250000001,ltr,NNPDIL+MS-PGothic,8.968799999999987
4.3,251.2187932,262.4926657,427.106532,8847.106532,436.075332,True,8.968799999999987,11.273872499999982,ltr,NNPDIL+MS-PGothic,8.968799999999987
0.3,321.0575864,332.3314589,427.106532,8847.106532,436.075332,True,8.968799999999987,11.273872499999982,ltr,NNPDIL+MS-PGothic,8.968799999999987
ひとめぼれ,65.4,101.85543042,438.455092,8858.455092,446.227892,True,7.772800000000018,36.45543042,ltr,NNPDIL+MS-PGothic,7.772800000000018
25.3,176.52,192.65416420000003,437.846532,8857.846532,446.815332,True,8.968799999999987,16.134164200000015,ltr,NNPDIL+MS-PGothic,8.968799999999987
10.9,246.35970422000003,262.49386841999996,437.846532,8857.846532,446.815332,True,8.968799999999987,16.13416419999993,ltr,NNPDIL+MS-PGothic,8.968799999999987
1.5,321.05878912000003,332.33266162,437.846532,8857.846532,446.815332,True,8.968799999999987,11.273872499999982,ltr,NNPDIL+MS-PGothic,8.968799999999987
天のつぶ,65.4,96.39418223999999,449.255092,8869.255092,457.027892,True,7.772800000000018,30.994182239999986,ltr,NNPDIL+MS-PGothic,7.772800000000018
13.6,176.52,192.65416420000003,448.646532,8868.646532,457.61533199999997,True,8.968799999999987,16.134164200000015,ltr,NNPDIL+MS-PGothic,8.968799999999987
4.0,251.21908490000004,262.49295739999997,448.646532,8868.646532,457.61533199999997,True,8.968799999999987,11.273872499999925,ltr,NNPDIL+MS-PGothic,8.968799999999987
0.7,321.05787810000004,332.3317506,448.646532,8868.646532,457.61533199999997,True,8.968799999999987,11.273872499999982,ltr,NNPDIL+MS-PGothic,8.968799999999987
茨,53.22,61.1154,459.995092,8879.995092,467.767892,True,7.772800000000018,7.895400000000002,ltr,NNPDGL+MS-PGothic,7.772800000000018
城,66.59954484000001,74.49494484,459.995092,8879.995092,467.767892,True,7.772800000000018,7.895399999999995,ltr,NNPDIL+MS-PGothic,7.772800000000018
61.1,176.52,192.65416420000003,459.386532,8879.386532,468.355332,True,8.968799999999987,16.134164200000015,ltr,NNPDIL+MS-PGothic,8.968799999999987
32.6,246.35970422000003,262.49386841999996,459.386532,8879.386532,468.355332,True,8.968799999999987,16.13416419999993,ltr,NNPDIL+MS-PGothic,8.968799999999987
14.1,316.19940844,332.33357264,459.386532,8879.386532,468.355332,True,8.968799999999987,16.134164199999987,ltr,NNPDIL+MS-PGothic,8.968799999999987
コシヒカリ,65.4,96.78895224,470.73509199999995,8890.735092,478.50789199999997,True,7.772800000000018,31.388952239999995,ltr,NNPDIL+MS-PGothic,7.772800000000018
44.8,176.52,192.65416420000003,470.126532,8890.126532,479.095332,True,8.968799999999987,16.134164200000015,ltr,NNPDIL+MS-PGothic,8.968799999999987
23.2,246.35970422000003,262.49386841999996,470.126532,8890.126532,479.095332,True,8.968799999999987,16.13416419999993,ltr,NNPDIL+MS-PGothic,8.968799999999987
7.9,321.05878912000003,332.33266162,470.126532,8890.126532,479.095332,True,8.968799999999987,11.273872499999982,ltr,NNPDIL+MS-PGothic,8.968799999999987
あきたこまち,65.4,106.83742782,481.53509199999996,8901.535092,489.307892,True,7.772800000000018,41.437427819999996,ltr,NNPDIL+MS-PGothic,7.772800000000018
9.3,181.38,192.6538725,480.926532,8900.926532,489.895332,True,8.968799999999987,11.27387250000001,ltr,NNPDIL+MS-PGothic,8.968799999999987
6.7,251.2187932,262.4926657,480.926532,8900.926532,489.895332,True,8.968799999999987,11.273872499999982,ltr,NNPDIL+MS-PGothic,8.968799999999987
5.2,321.0575864,332.3314589,480.926532,8900.926532,489.895332,True,8.968799999999987,11.273872499999982,ltr,NNPDIL+MS-PGothic,8.968799999999987
ミルキークイーン,65.4,119.55612767999999,492.275092,8912.275092,500.047892,True,7.772800000000018,54.15612767999998,ltr,NNPDIL+MS-PGothic,7.772800000000018
0.9,181.38,192.6538725,491.666432,8911.666432,500.635232,True,8.968799999999987,11.27387250000001,ltr,NNPDIL+MS-PGothic,8.968799999999987
1.2,251.2187932,262.4926657,491.666432,8911.666432,500.635232,True,8.968799999999987,11.273872499999982,ltr,NNPDIL+MS-PGothic,8.968799999999987
0.4,321.0575864,332.3314589,491.666432,8911.666432,500.635232,True,8.968799999999987,11.273872499999982,ltr,NNPDIL+MS-PGothic,8.968799999999987
栃,53.22,61.1154,503.01499199999995,8923.014992,510.78779199999997,True,7.772800000000018,7.895400000000002,ltr,NNPDIL+MS-PGothic,7.772800000000018
木,66.59954484,74.49494483999999,503.01499199999995,8923.014992,510.78779199999997,True,7.772800000000018,7.895399999999995,ltr,NNPDIL+MS-PGothic,7.772800000000018
125.1,171.66,192.65445590000002,502.406532,8922.406532,511.375332,True,8.968799999999987,20.99445590000002,ltr,NNPDIL+MS-PGothic,8.968799999999987
80.4,246.35999592000002,262.49416012,502.406532,8922.406532,511.375332,True,8.968799999999987,16.134164199999987,ltr,NNPDIL+MS-PGothic,8.968799999999987
12.3,316.19970014,332.33386434,502.406532,8922.406532,511.375332,True,8.968799999999987,16.134164199999987,ltr,NNPDIL+MS-PGothic,8.968799999999987
コシヒカリ,65.4,96.78895224,513.814992,8933.814992,521.587792,True,7.772800000000075,31.388952239999995,ltr,NNPDIL+MS-PGothic,7.772800000000018
97.2,176.52,192.65416420000003,513.206432,8933.206431999999,522.175232,True,8.968800000000101,16.134164200000015,ltr,NNPDIL+MS-PGothic,8.968799999999987
71.4,246.35970422000003,262.49386841999996,513.206432,8933.206431999999,522.175232,True,8.968800000000101,16.13416419999993,ltr,NNPDIL+MS-PGothic,8.968799999999987
9.8,321.05878912000003,332.33266162,513.206432,8933.206431999999,522.175232,True,8.968800000000101,11.273872499999982,ltr,NNPDIL+MS-PGothic,8.968799999999987
あさひの夢,65.4,101.85543042,524.5550920000001,8944.555092,532.327892,True,7.772799999999961,36.45543042,ltr,NNPDIL+MS-PGothic,7.772800000000018
8.4,181.38,192.6538725,523.9465319999999,8943.946532,532.915332,True,8.968800000000101,11.27387250000001,ltr,NNPDIL+MS-PGothic,8.968799999999987
3.5,251.2187932,262.4926657,523.9465319999999,8943.946532,532.915332,True,8.968800000000101,11.273872499999982,ltr,NNPDIL+MS-PGothic,8.968799999999987
0.9,321.0575864,332.3314589,523.9465319999999,8943.946532,532.915332,True,8.968800000000101,11.273872499999982,ltr,NNPDIL+MS-PGothic,8.968799999999987
なすひかり,65.4,101.04852054,535.354992,8955.354992,543.127792,True,7.772799999999961,35.64852053999999,ltr,NNPDIL+MS-PGothic,7.772800000000018
9.0,181.38,192.6538725,534.746532,8954.746532,543.715332,True,8.968799999999987,11.27387250000001,ltr,NNPDIL+MS-PGothic,8.968799999999987
2.5,251.2187932,262.4926657,534.746532,8954.746532,543.715332,True,8.968799999999987,11.273872499999982,ltr,NNPDIL+MS-PGothic,8.968799999999987
1.1,321.0575864,332.3314589,534.746532,8954.746532,543.715332,True,8.968799999999987,11.273872499999982,ltr,NNPDIL+MS-PGothic,8.968799999999987
群,53.22,61.1154,546.095092,8966.095092,553.867892,True,7.772799999999961,7.895400000000002,ltr,NNPDIL+MS-PGothic,7.772800000000018
馬,66.59954484,74.49494483999999,546.095092,8966.095092,553.867892,True,7.772799999999961,7.895399999999995,ltr,NNPDIL+MS-PGothic,7.772800000000018
14.6,176.52,192.65416420000003,545.4864319999999,8965.486432,554.455232,True,8.968800000000101,16.134164200000015,ltr,NNPDIL+MS-PGothic,8.968799999999987
12.7,246.35970422000003,262.49386841999996,545.4864319999999,8965.486432,554.455232,True,8.968800000000101,16.13416419999993,ltr,NNPDIL+MS-PGothic,8.968799999999987
0.5,321.05878912000003,332.33266162,545.4864319999999,8965.486432,554.455232,True,8.968800000000101,11.273872499999982,ltr,NNPDIL+MS-PGothic,8.968799999999987
あさひの夢,65.4,101.85543042,556.835092,8976.835092,564.607892,True,7.772799999999961,36.45543042,ltr,NNPDIL+MS-PGothic,7.772800000000018
10.4,176.52,192.65416420000003,556.2264319999999,8976.226432,565.195232,True,8.968800000000101,16.134164200000015,ltr,NNPDIL+MS-PGothic,8.968799999999987
9.0,251.21908490000004,262.49295739999997,556.2264319999999,8976.226432,565.195232,True,8.968800000000101,11.273872499999925,ltr,NNPDIL+MS-PGothic,8.968799999999987
0.1,321.05787810000004,332.3317506,556.2264319999999,8976.226432,565.195232,True,8.968800000000101,11.273872499999982,ltr,NNPDIL+MS-PGothic,8.968799999999987
ゆめまつり,65.4,100.44531198,567.634992,8987.634992,575.407792,True,7.772799999999961,35.045311979999994,ltr,NNPDIL+MS-PGothic,7.772800000000018
3.1,181.38,192.6538725,567.0265320000001,8987.026532,575.995332,True,8.968799999999874,11.27387250000001,ltr,NNPDIL+MS-PGothic,8.968799999999987
2.9,251.2187932,262.4926657,567.0265320000001,8987.026532,575.995332,True,8.968799999999874,11.273872499999982,ltr,NNPDIL+MS-PGothic,8.968799999999987
0.1,321.0575864,332.3314589,567.0265320000001,8987.026532,575.995332,True,8.968799999999874,11.273872499999982,ltr,NNPDIL+MS-PGothic,8.968799999999987
埼,53.22,61.1154,578.375092,8998.375092,586.147892,True,7.772799999999961,7.895400000000002,ltr,NNPDIL+MS-PGothic,7.772800000000018
玉,66.59954484,74.49494483999999,578.375092,8998.375092,586.147892,True,7.772799999999961,7.895399999999995,ltr,NNPDIL+MS-PGothic,7.772800000000018
14.9,176.52,192.65416420000003,577.766532,8997.766532,586.735332,True,8.968799999999987,16.134164200000015,ltr,NNPDIL+MS-PGothic,8.968799999999987
12.7,246.35970422000003,262.49386841999996,577.766532,8997.766532,586.735332,True,8.968799999999987,16.13416419999993,ltr,NNPDIL+MS-PGothic,8.968799999999987
1.9,321.05878912000003,332.33266162,577.766532,8997.766532,586.735332,True,8.968799999999987,11.273872499999982,ltr,NNPDIL+MS-PGothic,8.968799999999987
彩のかがやき,65.4,111.54308622,589.115092,9009.115092,596.887892,True,7.772799999999961,46.14308622,ltr,NNPDIL+MS-PGothic,7.7727999999999895
6.5,181.38,192.6538725,588.506532,9008.506532,597.475332,True,8.968799999999987,11.27387250000001,ltr,NNPDIL+MS-PGothic,8.968799999999987
7.1,251.2187932,262.4926657,588.506532,9008.506532,597.475332,True,8.968799999999987,11.273872499999982,ltr,NNPDIL+MS-PGothic,8.968799999999987
0.9,321.0575864,332.3314589,588.506532,9008.506532,597.475332,True,8.968799999999987,11.273872499999982,ltr,NNPDIL+MS-PGothic,8.968799999999987
コシヒカリ,65.4,96.78895224,599.915092,9019.915092,607.687892,True,7.772800000000075,31.388952239999995,ltr,NNPDIL+MS-PGothic,7.7727999999999895
4.6,181.38,192.6538725,599.3065320000001,9019.306532,608.2753319999999,True,8.968799999999874,11.27387250000001,ltr,NNPDIL+MS-PGothic,8.968799999999987
3.8,251.2187932,262.4926657,599.3065320000001,9019.306532,608.2753319999999,True,8.968799999999874,11.273872499999982,ltr,NNPDIL+MS-PGothic,8.968799999999987
0.6,321.0575864,332.3314589,599.3065320000001,9019.306532,608.2753319999999,True,8.968799999999874,11.273872499999982,ltr,NNPDIL+MS-PGothic,8.968799999999987
彩のきずな,65.4,102.2794134,610.655092,9030.655092,618.4278919999999,True,7.772799999999961,36.87941339999999,ltr,NNPDIL+MS-PGothic,7.7727999999999895
2.7,181.38,192.6538725,610.0465320000001,9030.046532,619.015332,True,8.968799999999874,11.27387250000001,ltr,NNPDIL+MS-PGothic,8.968799999999987
1.3,251.2187932,262.4926657,610.0465320000001,9030.046532,619.015332,True,8.968799999999874,11.273872499999982,ltr,NNPDIL+MS-PGothic,8.968799999999987
0.2,321.0575864,332.3314589,610.0465320000001,9030.046532,619.015332,True,8.968799999999874,11.273872499999982,ltr,NNPDIL+MS-PGothic,8.968799999999987
千,53.22,61.1154,621.455092,9041.455092,629.227892,True,7.772799999999961,7.895400000000002,ltr,NNPDIL+MS-PGothic,7.7727999999999895
葉,66.59954484,74.49494483999999,621.455092,9041.455092,629.227892,True,7.772799999999961,7.895399999999995,ltr,NNPDIL+MS-PGothic,7.7727999999999895
72.2,176.52,192.65416420000003,620.846532,9040.846532,629.815332,True,8.968799999999987,16.134164200000015,ltr,NNPDIL+MS-PGothic,8.968799999999987
39.7,246.35970422000003,262.49386841999996,620.846532,9040.846532,629.815332,True,8.968799999999987,16.13416419999993,ltr,NNPDIL+MS-PGothic,8.968799999999987
25.2,316.19940844,332.33357264,620.846532,9040.846532,629.815332,True,8.968799999999987,16.134164199999987,ltr,NNPDIL+MS-PGothic,8.968799999999987
コシヒカリ,65.4,96.78895224,632.195092,9052.195092,639.967892,True,7.772799999999961,31.388952239999995,ltr,NNPDIL+MS-PGothic,7.7727999999999895
34.0,176.52,192.65416420000003,631.586532,9051.586532,640.555332,True,8.968799999999987,16.134164200000015,ltr,NNPDIL+MS-PGothic,8.968799999999987
17.0,246.35970422000003,262.49386841999996,631.586532,9051.586532,640.555332,True,8.968799999999987,16.13416419999993,ltr,NNPDIL+MS-PGothic,8.968799999999987
9.5,321.05878912000003,332.33266162,631.586532,9051.586532,640.555332,True,8.968799999999987,11.273872499999982,ltr,NNPDIL+MS-PGothic,8.968799999999987
ふさこがね,65.4,101.19932268,642.9350919999999,9062.935092,650.707892,True,7.772800000000075,35.79932267999999,ltr,NNPDIL+MS-PGothic,7.7727999999999895
16.0,176.52,192.65416420000003,642.326532,9062.326532,651.295332,True,8.968799999999987,16.134164200000015,ltr,NNPDIL+MS-PGothic,8.968799999999987
7.6,251.21908490000004,262.49295739999997,642.326532,9062.326532,651.295332,True,8.968799999999987,11.273872499999925,ltr,NNPDIL+MS-PGothic,8.968799999999987
4.4,321.05787810000004,332.3317506,642.326532,9062.326532,651.295332,True,8.968799999999987,11.273872499999982,ltr,NNPDIL+MS-PGothic,8.968799999999987
ふさおとめ,65.4,100.44057474000002,653.735092,9073.735092,661.507892,True,7.772799999999961,35.04057474000001,ltr,NNPDIL+MS-PGothic,7.7727999999999895
17.0,176.52,192.65416420000003,653.126532,9073.126532,662.095332,True,8.968799999999987,16.134164200000015,ltr,NNPDIL+MS-PGothic,8.968799999999987
11.5,246.35970422000003,262.49386841999996,653.126532,9073.126532,662.095332,True,8.968799999999987,16.13416419999993,ltr,NNPDIL+MS-PGothic,8.968799999999987
9.1,321.05878912000003,332.33266162,653.126532,9073.126532,662.095332,True,8.968799999999987,11.273872499999982,ltr,NNPDIL+MS-PGothic,8.968799999999987
集荷数量,146.76,178.35502218,113.19509199999993,8533.195092,120.967892,True,7.772800000000075,31.59502218,ltr,NNPDIL+MS-PGothic,7.772800000000075
契約数量,216.59955023999999,248.19457242,113.19509199999993,8533.195092,120.967892,True,7.772800000000075,31.59502218,ltr,NNPDIL+MS-PGothic,7.772800000000075
販売数量,286.43910048,318.03412266,113.19509199999993,8533.195092,120.967892,True,7.772800000000075,31.59502218,ltr,NNPDIL+MS-PGothic,7.772800000000075
集荷数量,358.74,385.46159573,123.34348,8543.34348,129.92048,True,6.576999999999998,26.72159572999999,ltr,NNPDIL+MS-PGothic,6.576999999999998
